# title : Neutron scatter plot
# xlabel : $Q_x (Å^{-1})$
# ylabel : $Q_y (Å^{-1})$
0  2  0  2  0  0  1  0  0  0  0  0  1  0  0  1  0  0  0  0  0  0  0  2  0  1  0  0  0  0  0  0  0  0  0  0  0  0  0  0  0  0  0  0  0  0  0  0  0  0  0  0  0  0  0  0  0  0  0  0  0  0  0  0  0  0  0  0  0  0  0  0  0  0  0  0  0  0  0  0  0  0  0  0  0  0  0  0  0  0  0  0  0  0  0  0  1  0  1  0  0  0  1  1  0  0  1  0  0  0  0  0  0  0  0  0  0  0  1  0  0  3  0  0  0  0  0  4 
0  1  2  2  1  0  0  0  0  0  0  0  0  2  0  1  0  0  0  0  0  1  0  1  1  0  0  0  0  0  0  0  1  0  0  0  1  0  0  1  0  0  2  1  1  0  0  0  0  0  0  0  0  0  0  1  0  1  0  0  2  0  0  0  1  0  1  0  0  0  0  1  1  0  0  0  0  1  1  0  0  0  0  0  0  0  0  1  0  2  0  0  0  0  0  0  0  2  0  0  0  0  0  0  1  1  1  0  0  0  0  0  0  0  2  0  0  0  1  1  0  1  0  4  0  1  4  1 
1  0  0  3  1  0  0  0  1  1  0  0  1  0  1  1  0  0  0  0  0  0  1  3  0  0  0  0  0  1  1  0  0  0  1  0  1  1  0  2  3  0  0  0  1  0  0  1  0  0  0  0  0  2  0  0  0  0  0  1  1  0  0  0  0  1  0  1  0  0  3  2  2  0  0  0  0  0  0  0  0  1  0  0  0  0  1  1  0  0  0  0  0  0  0  2  1  0  0  1  2  0  1  2  4  0  0  1  0  0  0  1  0  1  0  0  0  0  2  1  1  1  0  1  3  2  2  0 
0  0  0  1  1  2  1  1  0  2  0  1  1  0  0  2  0  1  1  0  1  0  0  2  1  1  1  1  2  2  7  1  3  3  2  2  1  1  1  0  1  1  1  0  3  5  5  1  6  5  2  1  1  1  2  2  0  2  3  5  3  1  4  5  7  6  3  3  3  1  0  3  2  1  2  0  2  2  5  3  4  4  2  5  1  0  1  2  1  1  0  3  4  1  3  2  5  2  4  1  3  0  1  1  2  1  2  0  1  1  2  2  0  1  0  1  1  3  0  2  1  0  2  0  0  0  0  0 
0  0  0  1  0  1  2  6  7  7  5  7  8  4  7  7  14  18  10  6  3  5  4  10  5  7  16  11  15  13  18  27  19  10  16  11  16  8  5  6  8  9  4  7  14  18  17  31  22  27  26  19  15  13  14  12  18  11  20  23  28  32  33  38  26  37  34  24  19  16  8  14  11  19  20  10  29  28  32  33  24  27  13  21  9  12  8  7  3  8  15  16  11  10  13  25  16  20  20  12  9  5  6  3  9  5  4  6  14  8  6  8  9  4  3  11  12  9  6  13  5  6  2  2  0  0  1  1 
0  0  0  1  1  5  21  28  18  27  19  30  22  25  29  35  38  37  29  31  35  28  24  32  39  41  44  60  43  55  42  50  58  50  47  32  43  47  39  27  27  40  47  51  60  71  71  93  110  82  93  97  89  78  78  79  73  90  99  108  159  166  179  131  161  170  155  142  122  120  83  106  78  93  109  95  105  136  123  138  109  105  73  89  65  55  59  43  37  46  69  48  50  58  43  66  72  70  60  44  43  40  39  25  26  29  23  30  36  34  39  22  34  21  25  20  23  21  23  34  19  9  12  2  1  1  1  1 
0  0  1  0  0  22  39  50  40  34  41  38  34  39  44  42  51  59  66  67  76  88  61  75  81  60  81  74  74  96  89  74  75  88  84  59  74  123  79  85  112  100  116  126  106  120  139  195  194  199  211  203  175  191  230  225  263  250  288  334  340  344  318  206  298  349  355  345  321  304  272  272  261  267  268  252  284  267  238  240  219  193  178  172  140  119  121  111  109  111  114  122  78  91  109  101  99  90  87  85  81  66  65  65  75  52  72  64  78  71  73  81  43  53  43  50  51  44  54  55  46  46  17  4  0  0  0  0 
0  0  0  0  3  14  55  70  55  49  47  36  38  33  39  45  70  61  67  68  70  82  69  89  78  88  86  97  101  90  93  90  98  87  77  64  96  119  120  125  135  139  146  153  194  172  191  210  234  253  272  318  293  287  342  431  399  439  414  472  496  465  397  263  342  482  485  466  481  441  412  433  408  368  378  372  376  357  315  325  278  271  235  205  191  175  176  162  171  149  137  144  110  102  124  121  96  106  102  91  96  101  97  80  92  88  97  94  78  89  82  58  44  49  52  48  48  43  74  64  82  43  25  6  0  0  0  0 
0  1  0  1  2  12  47  44  57  27  43  40  31  35  29  44  47  46  54  62  70  75  86  65  62  79  72  70  44  83  78  88  80  82  85  47  74  120  118  123  127  127  166  171  171  183  211  234  252  275  323  322  354  320  332  423  477  481  500  514  497  466  382  247  325  452  481  473  514  468  452  433  407  434  375  386  371  326  335  303  301  278  247  231  223  201  193  170  173  144  138  121  117  106  94  94  80  85  73  97  71  89  84  77  100  86  82  72  96  52  71  68  38  38  49  45  33  56  47  59  63  44  22  2  1  1  0  1 
1  1  1  0  1  14  38  45  54  38  33  39  18  34  21  27  32  49  49  59  56  61  70  75  75  64  56  53  72  75  72  94  68  74  80  60  66  115  109  122  155  134  176  179  179  215  221  253  268  288  328  377  375  362  381  457  449  480  445  432  477  422  306  215  291  376  407  437  432  434  422  426  375  396  382  363  378  347  316  334  336  304  305  230  215  239  219  194  165  163  118  120  108  104  97  105  85  80  89  73  65  93  93  87  80  71  71  64  62  63  64  46  42  36  40  32  35  39  42  45  62  41  26  4  2  0  0  1 
0  2  0  0  4  16  51  45  36  40  33  24  23  25  30  35  39  52  49  44  53  45  61  58  61  59  72  70  64  51  74  92  68  64  70  47  84  107  132  138  172  151  199  248  210  261  265  266  316  313  334  373  396  357  338  443  424  449  454  433  420  372  294  194  269  281  402  401  372  385  392  363  376  415  324  379  320  343  315  335  331  315  318  269  269  271  256  212  181  178  153  144  132  114  106  126  84  84  88  88  72  80  62  70  74  68  72  50  62  63  59  42  42  30  36  34  45  22  46  60  57  40  14  8  4  1  0  0 
0  0  1  0  1  16  43  43  47  34  27  24  30  28  23  27  44  40  43  55  62  54  53  52  45  49  62  64  61  54  52  71  66  82  67  65  78  135  126  136  183  170  216  249  263  308  308  304  324  326  385  362  366  326  305  332  371  343  410  372  379  303  258  171  200  297  308  346  300  372  303  345  345  313  310  356  348  336  331  314  334  344  346  300  298  309  259  253  222  198  177  154  125  115  129  88  74  92  76  77  65  60  85  61  67  65  54  66  43  68  53  44  32  33  37  36  33  41  28  55  56  40  18  4  0  0  0  1 
0  1  2  1  8  19  39  55  36  42  28  28  33  25  18  33  36  45  43  47  49  50  48  47  41  66  48  52  53  58  59  74  82  80  85  50  91  138  193  174  192  212  237  283  261  285  322  326  316  313  348  359  348  297  275  285  312  321  323  352  305  265  203  151  188  257  294  271  282  300  279  275  284  266  283  330  284  275  286  320  332  314  327  374  318  331  282  294  244  254  185  188  137  136  83  107  93  74  83  64  58  62  63  58  61  63  52  62  50  51  43  47  22  29  40  36  52  37  47  45  51  50  22  7  0  0  0  1 
0  0  0  0  3  22  33  34  21  36  33  31  21  25  26  32  23  37  45  45  44  53  39  54  51  57  53  59  70  61  56  98  80  83  96  54  100  156  164  192  222  247  264  270  298  331  333  322  347  341  347  313  311  282  243  254  301  297  297  283  290  244  176  112  144  200  225  210  218  245  242  223  238  252  285  261  265  276  284  290  299  315  335  377  332  347  317  281  278  251  239  208  162  160  143  125  80  80  72  69  70  73  66  61  68  59  64  64  52  42  54  57  33  29  30  25  35  27  41  42  45  54  22  11  0  0  0  0 
0  0  2  1  8  27  36  34  31  31  28  29  27  27  25  32  42  51  39  56  53  39  54  56  43  59  50  74  67  68  67  75  91  115  96  70  110  175  201  212  214  261  275  275  334  321  317  356  326  306  309  287  266  263  189  212  214  232  243  225  216  198  147  100  129  171  193  192  241  201  184  194  161  204  228  244  240  225  266  277  274  287  300  293  310  298  331  334  297  233  245  224  171  167  130  111  142  80  79  91  62  76  83  59  67  58  56  48  48  48  43  50  28  26  35  35  32  45  32  47  53  45  34  9  0  0  0  0 
0  0  0  0  13  26  46  47  43  25  37  30  33  32  33  38  48  46  64  60  52  57  72  55  62  59  72  79  92  82  103  126  156  127  118  122  191  231  254  310  275  331  357  394  377  350  397  386  338  321  306  287  287  233  221  171  219  221  229  192  169  183  152  93  130  177  210  186  182  179  163  173  159  184  171  221  211  242  228  250  279  303  304  379  374  378  361  355  358  301  331  309  241  229  211  193  140  139  122  96  85  92  65  58  73  62  58  64  73  57  66  58  66  40  22  36  26  32  51  49  63  57  23  12  1  0  0  0 
1  0  0  1  10  33  54  50  57  54  40  47  38  32  33  34  68  78  72  76  73  69  80  59  54  66  88  63  90  110  135  143  184  192  195  142  240  353  376  430  405  422  436  484  457  449  411  390  366  326  316  323  303  255  223  213  192  197  214  220  211  191  147  103  132  191  193  212  191  196  177  188  160  175  219  211  268  266  247  262  284  341  317  403  465  431  425  436  484  432  495  440  369  309  349  320  253  208  187  153  139  121  103  89  115  108  82  95  79  87  91  71  66  51  53  55  61  54  65  62  88  74  22  8  0  0  0  0 
0  0  0  2  6  34  48  46  45  54  48  43  41  43  35  45  52  52  44  59  63  68  63  74  68  81  91  104  107  129  117  183  181  200  221  135  240  369  429  436  420  427  448  406  380  329  340  266  245  241  273  208  225  192  158  128  141  203  168  183  198  145  119  77  78  157  149  151  183  158  143  134  146  131  170  188  193  172  201  234  210  255  285  334  365  377  447  415  457  508  498  479  384  397  395  345  313  244  223  198  162  142  120  133  123  84  116  91  103  98  83  77  51  47  50  36  67  48  59  73  84  56  21  4  1  2  1  0 
1  0  0  0  11  29  61  57  58  40  38  47  21  47  37  44  43  66  70  85  83  75  88  52  109  97  101  120  138  159  203  218  289  336  327  182  298  453  506  485  413  472  397  380  345  344  236  237  208  166  201  191  162  165  161  134  145  139  164  196  190  140  123  88  89  125  165  139  160  130  155  150  108  142  137  159  135  143  137  138  175  184  215  209  273  312  305  314  363  389  451  422  389  388  386  341  312  285  282  209  190  181  114  126  109  118  95  84  92  83  81  87  71  53  52  72  62  61  45  82  78  61  35  8  0  1  0  0 
0  0  0  1  4  41  64  80  73  56  54  50  42  46  49  57  54  90  106  93  86  87  101  101  111  119  119  140  186  246  267  301  392  396  394  239  366  522  550  563  499  459  407  335  350  299  250  226  200  195  198  170  208  197  172  166  155  182  189  223  200  167  147  94  135  178  186  218  195  183  201  192  160  184  169  181  178  155  175  196  175  186  193  209  297  279  318  337  363  450  442  523  470  528  553  524  476  446  402  368  306  233  190  177  149  136  118  117  114  126  95  97  63  53  65  69  72  86  67  96  96  74  30  7  2  0  0  0 
0  1  0  1  6  20  55  90  79  71  60  52  51  48  63  46  71  95  81  95  89  92  95  106  104  121  144  147  239  275  330  425  439  451  448  244  350  484  577  515  429  391  330  272  256  240  226  183  166  183  182  161  187  185  198  158  163  159  205  204  222  206  141  96  147  160  187  213  198  190  178  176  177  166  159  177  171  167  166  154  168  158  180  199  223  233  272  262  356  396  410  466  474  549  531  573  558  500  479  433  413  332  249  193  167  149  144  132  153  128  89  106  75  68  61  61  67  64  83  90  82  70  30  10  0  0  0  0 
0  0  0  0  4  33  64  73  77  62  51  49  46  47  47  58  76  97  98  86  100  108  123  104  130  139  189  222  278  322  360  441  449  475  382  252  285  428  477  426  354  284  235  196  160  174  179  166  171  162  192  172  162  152  174  183  167  158  182  224  218  200  149  98  132  192  192  151  177  180  174  159  168  176  189  185  163  156  165  142  149  130  168  177  168  175  186  213  252  290  324  365  385  456  508  505  489  562  572  481  499  414  317  269  226  191  152  165  149  129  133  114  87  57  60  65  66  46  89  77  83  78  26  5  0  0  0  0 
0  2  0  0  8  33  80  86  73  75  54  64  53  54  54  50  70  71  106  86  108  112  116  149  160  188  226  269  330  358  369  434  454  419  379  211  224  371  386  358  270  226  226  181  191  173  180  165  152  172  169  192  181  173  184  206  182  168  197  201  206  196  129  112  149  175  188  198  182  179  169  182  192  183  172  200  156  158  137  170  148  166  175  165  166  170  186  173  218  217  226  312  334  401  446  474  454  540  582  552  541  528  401  338  302  237  198  162  139  128  109  81  82  67  59  63  76  69  105  88  103  56  25  6  0  0  1  2 
0  1  0  1  3  28  67  91  62  67  55  57  51  43  40  56  68  97  88  92  111  110  148  154  194  244  257  326  369  384  438  389  409  396  334  204  180  291  293  260  235  176  166  188  178  185  161  176  151  155  183  193  183  191  192  217  218  191  184  214  235  221  177  126  150  186  222  210  193  221  194  200  202  188  167  194  172  182  143  159  136  154  162  155  185  175  159  183  184  202  217  280  258  310  337  407  381  504  520  563  575  584  490  434  371  304  217  161  161  145  132  111  68  69  63  76  65  70  97  104  104  82  27  3  0  0  0  1 
0  0  0  0  8  38  86  77  61  56  42  58  45  46  32  48  73  85  102  94  114  132  145  214  238  272  308  377  417  442  380  382  384  342  250  155  149  223  223  232  176  168  180  174  181  151  176  160  169  147  196  202  202  213  233  226  266  227  202  242  244  256  188  183  178  226  206  258  253  228  233  225  210  192  223  214  190  181  166  172  168  165  176  185  174  193  168  165  195  158  207  206  196  280  290  345  377  427  518  521  627  644  585  515  442  408  298  225  183  129  127  108  74  83  81  69  85  70  98  110  103  89  30  6  0  1  1  0 
0  0  0  1  6  37  71  87  64  70  57  63  58  66  46  58  87  97  119  114  126  149  152  222  268  382  328  414  437  441  402  374  375  303  230  126  127  168  199  226  179  155  171  189  164  173  168  186  167  182  218  222  229  233  247  256  273  300  239  305  339  329  288  255  281  328  331  353  297  323  300  272  255  265  245  212  209  185  188  189  190  200  183  170  183  204  173  175  199  179  175  186  180  217  250  276  321  361  472  501  583  578  625  532  498  505  340  288  208  168  130  118  98  79  86  80  69  65  96  105  108  71  23  9  0  1  0  1 
0  0  0  1  7  36  80  86  78  74  63  74  69  42  52  54  105  107  107  134  142  196  247  291  323  366  407  406  409  394  368  359  306  275  191  126  93  160  195  241  167  200  170  172  205  193  174  186  214  220  209  267  313  306  347  382  421  451  397  440  509  575  431  415  414  498  517  517  487  474  466  431  381  357  313  315  270  254  216  227  233  205  173  189  193  191  187  194  166  179  153  182  198  191  219  243  276  322  388  456  523  639  634  626  568  495  453  358  296  238  163  161  121  88  69  88  89  87  103  106  112  77  55  8  1  0  0  0 
0  0  0  2  14  36  78  79  73  65  74  61  62  51  60  81  89  118  132  163  174  215  280  300  396  432  430  429  458  410  370  312  260  224  167  74  83  172  177  186  200  188  188  202  187  208  212  228  241  269  287  352  409  447  485  595  659  706  636  642  725  777  715  554  701  682  725  697  708  659  660  591  577  528  479  422  367  351  323  277  285  240  222  213  201  195  192  180  191  189  168  176  176  174  173  216  219  294  326  433  510  513  611  631  656  607  517  452  328  270  185  145  110  96  104  91  94  86  91  102  99  98  46  4  1  0  0  0 
0  0  0  1  16  47  69  92  72  64  69  61  58  66  66  76  108  108  172  186  230  269  329  363  411  429  404  417  374  358  285  256  232  187  155  76  124  150  167  203  172  197  198  225  209  211  222  247  285  334  445  467  579  658  747  804  866  862  852  772  882  835  847  739  792  833  861  861  849  848  821  810  772  730  672  632  602  512  417  410  336  288  273  242  227  228  200  167  172  185  179  167  161  165  189  200  204  219  267  343  382  502  580  665  700  634  584  533  424  381  249  204  132  101  94  82  100  85  109  95  143  131  58  15  2  0  0  0 
0  0  0  1  3  37  99  102  78  77  72  60  57  76  56  74  112  140  174  211  283  316  351  394  419  408  434  390  323  296  251  215  198  191  135  82  108  152  194  228  162  167  199  206  215  288  296  349  384  447  610  712  818  849  878  881  954  912  869  787  824  904  860  692  739  752  831  852  795  825  823  815  807  813  824  817  818  678  629  554  563  413  351  303  260  263  238  198  206  180  207  211  165  161  176  197  175  203  224  274  343  429  493  515  615  652  654  572  531  475  327  224  157  93  84  91  94  94  125  105  130  138  64  24  2  0  0  0 
0  1  0  2  14  58  93  92  82  73  72  83  84  74  76  88  137  168  203  207  283  360  404  364  382  396  358  352  298  211  221  204  162  167  148  80  113  166  173  186  166  221  219  225  265  265  357  486  529  629  790  832  844  921  867  856  831  798  792  681  714  690  700  601  628  643  670  663  742  709  666  635  764  781  864  883  892  881  775  784  703  576  519  420  384  275  250  206  197  170  199  192  174  176  182  184  185  202  212  211  283  331  374  472  537  626  646  648  582  500  406  276  183  126  114  119  87  96  97  106  123  157  76  21  2  1  1  0 
0  0  0  1  17  63  96  88  83  78  77  65  61  68  73  93  152  176  228  304  314  348  436  361  406  346  320  302  290  232  186  192  181  167  149  85  119  162  192  189  183  187  241  265  336  414  515  642  796  836  866  895  896  870  764  694  633  703  598  554  560  577  497  537  556  509  488  524  537  529  564  530  580  638  738  778  850  851  880  995  922  741  696  580  476  405  299  248  196  222  207  195  184  177  175  199  214  172  191  231  231  278  331  408  499  524  668  733  667  585  459  406  266  189  166  138  109  124  92  127  134  121  93  36  6  1  0  0 
0  1  1  4  19  50  96  99  95  73  80  83  87  84  96  115  148  215  243  329  376  400  416  364  359  350  304  260  208  178  170  180  211  181  135  88  131  181  194  194  197  235  266  308  436  522  685  840  874  846  870  839  792  647  612  545  530  498  496  446  468  453  458  443  407  392  430  418  422  436  461  441  451  492  593  626  716  704  776  931  963  870  787  753  653  555  417  321  271  255  275  226  187  182  196  210  212  191  184  190  211  254  266  330  450  534  674  702  686  672  516  465  293  195  166  139  133  134  125  130  134  137  83  29  4  1  1  0 
0  0  0  0  18  50  93  90  104  84  70  98  65  79  69  124  164  250  313  397  399  427  441  370  327  325  252  207  183  170  165  181  172  175  173  75  124  206  233  215  247  283  357  501  615  696  797  818  808  755  734  662  572  543  469  428  405  420  412  401  348  392  407  375  391  349  374  376  403  364  367  358  370  400  451  468  511  534  628  680  828  800  837  854  847  680  544  425  350  296  258  211  200  187  195  174  206  165  185  169  201  225  256  295  360  486  597  701  679  601  519  427  321  218  176  194  135  129  115  120  139  131  71  27  4  0  0  0 
0  0  0  1  15  55  98  107  80  96  77  68  73  101  89  125  194  293  338  472  448  487  431  412  314  297  204  189  165  154  141  143  180  185  151  108  116  168  211  219  271  365  478  626  690  744  761  706  614  465  443  392  306  327  294  306  340  323  329  297  254  288  314  271  283  308  310  328  290  315  300  293  295  275  317  291  348  342  389  472  569  604  656  771  817  736  660  482  413  269  266  201  160  193  162  145  143  145  137  134  155  154  174  214  289  367  414  479  498  480  422  343  250  183  147  148  125  115  103  82  119  86  68  14  3  0  1  0 
0  1  0  1  9  43  87  105  101  92  91  92  87  97  106  161  236  311  380  423  474  421  407  371  303  226  196  151  140  149  150  150  166  144  137  111  165  201  259  306  378  511  624  761  759  735  694  570  439  390  330  260  250  277  243  272  310  320  308  285  235  274  296  205  160  272  284  274  255  236  204  181  172  208  199  181  199  199  206  220  253  300  373  453  504  537  480  434  327  236  162  113  113  105  107  101  100  95  90  95  97  95  102  132  155  196  269  306  328  334  333  289  192  167  133  133  87  78  81  100  86  89  46  19  1  1  0  0 
0  0  1  1  10  39  104  116  116  119  116  102  98  123  114  199  280  397  447  525  520  447  382  359  277  211  178  147  162  157  133  168  170  210  184  189  183  261  317  449  565  711  863  900  854  768  635  563  449  440  392  349  341  391  403  432  468  449  449  416  414  421  462  285  166  391  438  465  456  439  368  372  320  287  321  318  318  303  298  280  297  335  428  486  617  673  702  664  589  447  352  254  181  155  139  182  132  155  138  166  149  152  161  170  216  270  321  426  514  565  552  521  313  254  225  219  169  181  146  136  152  119  78  18  1  0  0  0 
0  0  0  0  6  43  92  152  141  117  110  121  125  145  167  221  335  400  487  534  549  468  423  315  263  188  184  149  162  190  181  162  160  179  170  216  223  314  417  576  789  898  904  850  743  638  523  459  423  407  419  428  429  476  511  527  547  565  547  543  525  528  483  324  177  402  598  669  626  567  562  596  527  528  553  448  505  464  443  403  392  456  533  552  640  827  924  879  865  767  588  474  324  269  260  248  214  206  214  216  205  203  199  215  291  343  439  547  701  731  701  681  454  386  324  286  248  236  217  193  210  149  67  16  1  0  0  0 
0  0  0  3  6  41  101  150  161  140  124  120  145  183  203  259  381  431  538  552  570  451  386  286  224  191  157  194  158  174  136  188  197  216  239  223  301  462  654  766  1038  911  828  743  584  507  435  368  404  418  445  490  554  577  579  582  640  639  675  658  603  584  538  312  148  408  641  740  730  702  700  674  605  622  612  622  608  553  510  466  451  442  478  594  615  785  833  975  1047  978  794  647  496  352  292  260  221  206  221  221  213  228  220  235  261  309  396  485  586  706  709  595  494  393  354  362  295  250  204  238  191  157  57  14  0  0  0  0 
1  2  1  2  12  38  95  131  164  139  148  169  187  169  225  291  396  510  545  573  534  360  305  241  241  164  183  180  161  173  165  181  191  249  232  283  376  561  762  893  932  901  744  640  471  393  350  363  393  431  488  496  547  539  553  591  615  634  663  610  586  528  456  281  127  352  596  686  665  633  628  639  633  674  614  606  565  564  504  433  411  397  459  486  499  575  747  818  945  935  869  694  546  425  331  307  218  212  235  192  181  196  217  181  214  263  313  421  499  605  693  552  454  395  384  366  337  298  250  258  200  130  56  6  1  1  0  0 
0  0  1  0  7  45  102  128  160  143  160  166  180  213  213  290  412  503  490  515  435  333  263  194  162  166  142  167  147  152  163  173  161  229  261  254  345  622  730  785  729  664  507  424  354  344  324  382  368  415  419  466  528  513  537  566  567  596  562  589  506  478  435  251  149  323  520  596  636  609  634  607  617  601  644  579  612  560  541  492  429  458  486  458  481  514  547  640  792  917  996  879  722  546  474  332  251  235  241  246  228  231  232  199  236  265  288  376  487  649  686  717  538  467  471  484  439  383  363  302  277  164  68  9  0  1  0  0 
0  0  0  0  6  48  79  143  120  129  149  158  179  212  247  275  394  497  496  419  369  315  226  183  153  161  159  157  152  196  159  186  208  288  386  298  434  803  887  864  753  580  496  407  463  381  430  466  444  490  568  577  598  590  630  667  671  624  678  634  595  489  509  344  164  408  559  664  663  682  675  711  684  745  680  666  674  650  624  570  517  561  572  517  496  507  505  585  655  888  985  971  960  732  612  476  328  285  289  213  262  223  229  231  253  250  246  319  451  589  642  711  505  491  522  541  472  382  408  331  271  214  78  11  1  0  0  0 
0  0  0  3  14  61  120  176  179  175  205  223  241  297  331  385  494  569  551  536  390  267  231  217  190  191  171  176  177  194  216  228  300  421  515  413  524  884  1039  882  703  523  434  424  449  471  478  527  568  571  603  618  634  680  599  583  593  620  585  615  554  519  478  329  222  398  580  606  626  601  616  698  678  672  656  666  682  654  624  640  607  623  584  565  565  475  475  518  553  695  846  958  898  843  760  602  464  326  278  265  248  242  231  193  214  222  232  271  358  526  620  637  533  549  524  550  487  431  421  375  346  205  68  13  0  0  0  0 
0  0  1  1  8  62  125  163  165  207  227  247  269  315  335  391  532  585  533  459  344  271  212  188  172  188  183  178  183  204  189  252  332  466  570  505  554  901  929  744  534  467  429  454  494  507  555  557  592  581  630  652  638  644  592  553  579  516  545  584  487  434  422  332  178  351  549  542  559  564  548  583  584  588  618  622  626  653  656  634  644  597  616  604  596  524  499  439  482  557  657  807  854  843  894  733  580  413  336  279  217  225  215  200  205  209  233  266  321  453  573  613  542  496  564  546  561  473  469  442  399  211  84  14  1  0  0  0 
0  0  0  2  17  78  161  188  193  212  239  265  326  307  369  408  538  572  489  438  327  240  212  171  171  160  207  175  184  182  207  325  442  590  695  567  563  811  791  645  510  443  407  457  517  511  534  570  581  601  617  601  620  599  569  533  501  526  486  487  487  379  393  308  158  340  488  547  489  540  511  504  506  549  545  578  583  594  646  580  577  609  646  655  625  559  522  440  501  485  592  674  755  881  959  864  714  524  375  292  244  244  202  208  216  180  196  250  273  350  453  588  513  535  585  569  559  582  518  473  408  319  125  22  2  0  0  0 
1  0  1  2  18  84  159  212  203  240  305  303  376  336  347  436  501  551  429  352  272  240  188  152  168  159  158  176  199  217  221  325  508  676  749  550  501  783  684  573  430  445  430  524  509  560  577  558  612  630  601  627  602  551  538  507  524  456  449  439  390  395  330  301  166  271  392  449  465  513  499  460  456  484  447  540  534  572  562  586  628  635  623  632  572  608  518  458  454  449  473  533  670  766  887  924  776  583  452  320  280  250  190  198  216  220  222  214  226  349  395  490  449  464  483  557  578  609  557  515  422  328  184  30  3  0  0  0 
0  0  0  3  32  87  162  206  212  275  307  321  349  373  383  415  532  483  456  329  265  170  192  138  154  163  137  180  179  221  273  436  626  804  831  529  456  672  562  467  433  416  512  521  509  558  579  593  567  567  558  588  500  479  461  451  431  433  445  415  417  385  305  273  173  295  383  456  388  399  453  425  426  377  412  467  483  511  505  566  614  631  586  621  630  582  580  504  472  413  415  472  504  700  822  997  902  685  519  393  257  226  195  189  183  174  171  204  249  254  327  451  402  464  490  549  593  636  561  602  561  387  185  58  6  0  0  0 
0  0  1  4  36  111  188  211  264  294  318  374  373  381  420  475  527  448  361  291  205  221  162  153  154  154  147  183  203  261  303  526  761  920  890  549  394  523  466  461  437  458  529  527  612  597  581  661  652  557  566  519  502  423  373  393  390  373  410  401  420  331  305  298  203  266  384  381  402  384  403  348  391  378  392  428  454  447  491  557  636  555  578  613  599  622  535  480  462  457  467  427  412  610  789  1061  991  794  599  437  292  237  201  157  177  179  186  194  228  228  280  372  412  420  526  486  619  647  666  599  551  436  219  63  8  1  0  0 
1  0  1  5  34  105  194  235  310  315  331  396  397  432  383  440  499  464  369  270  205  185  140  160  166  167  182  192  211  276  394  595  857  864  782  477  393  480  439  452  476  513  531  541  574  603  643  653  622  523  536  475  439  385  394  391  329  340  336  347  349  333  329  279  158  234  327  407  409  394  370  351  361  351  386  454  446  445  486  506  537  558  603  643  643  605  538  517  501  436  449  435  406  470  705  919  934  877  712  482  350  260  210  194  157  174  187  167  217  229  261  342  330  398  511  564  571  668  675  694  616  509  226  61  4  2  0  0 
0  1  0  1  17  105  209  272  326  346  382  422  457  397  406  394  527  466  383  239  178  167  184  152  161  162  177  216  247  302  406  688  933  933  748  424  291  409  427  473  491  479  563  603  622  588  557  610  517  531  453  463  465  394  395  382  361  354  373  359  355  312  271  221  133  200  348  381  367  391  389  328  342  397  389  371  390  358  431  490  501  506  537  577  610  671  587  566  541  516  466  453  370  460  620  794  849  840  770  602  413  250  216  203  220  191  210  214  214  221  270  289  301  377  403  525  568  714  731  761  719  515  209  40  8  1  0  0 
0  0  0  1  15  92  231  296  333  358  430  474  486  433  424  471  514  423  363  244  209  194  157  162  159  170  211  215  247  334  490  772  973  886  704  378  278  409  440  526  482  544  560  620  625  590  569  573  507  456  485  461  431  428  369  370  351  351  337  367  329  344  279  227  139  215  372  378  403  337  364  365  352  341  362  376  359  418  424  415  452  501  552  592  641  631  653  655  601  555  503  450  365  411  562  700  870  948  824  671  499  348  257  219  225  200  188  216  193  240  221  278  270  291  415  495  585  708  783  846  829  579  275  43  1  0  0  0 
0  0  1  1  6  85  212  315  361  457  483  487  487  490  452  451  508  403  332  259  210  198  171  191  184  198  217  209  295  424  629  821  956  911  651  369  245  398  409  557  587  526  635  606  640  604  592  535  475  449  419  419  363  394  359  366  339  337  335  361  346  321  270  222  151  207  319  389  380  407  368  357  344  361  352  363  377  347  425  390  478  462  534  577  596  649  659  659  604  571  511  466  417  386  545  595  848  938  975  781  595  340  272  231  225  205  205  161  221  227  237  252  233  333  412  491  566  710  802  892  901  661  273  61  2  1  0  0 
0  1  0  0  12  79  225  344  398  472  500  563  499  473  468  501  490  423  352  229  203  183  185  209  183  198  220  248  349  530  654  900  972  814  581  319  241  396  467  518  551  575  589  632  654  652  576  555  527  420  446  402  365  361  374  357  359  337  335  327  330  321  288  243  120  187  336  357  347  408  375  358  367  348  334  372  362  401  423  423  452  485  528  571  605  637  653  647  678  609  553  513  422  406  422  575  775  937  965  867  631  436  295  228  239  208  202  178  191  172  235  226  217  282  347  483  619  706  848  876  953  749  255  39  4  0  0  0 
0  0  0  0  10  83  237  337  452  517  539  546  546  524  469  462  502  440  274  247  232  170  192  194  183  234  212  273  402  551  719  846  869  824  568  279  246  355  468  619  645  628  664  681  589  591  543  505  434  432  401  387  360  380  344  356  336  305  312  350  338  351  280  232  124  192  356  393  429  334  334  353  358  331  356  379  366  381  407  448  404  446  512  533  547  599  611  677  615  611  580  532  433  400  406  517  675  863  988  913  773  471  323  262  248  225  182  184  202  202  224  213  221  279  320  421  603  636  874  948  991  762  323  44  1  0  0  0 
0  0  0  0  11  82  228  402  461  572  547  577  582  513  482  445  440  384  285  242  188  189  207  184  212  206  268  261  440  635  788  881  886  680  474  254  248  367  531  636  587  623  659  654  637  538  484  453  406  368  368  396  336  321  363  343  336  334  313  324  321  329  265  200  128  169  283  332  327  346  352  395  390  354  364  355  408  346  355  377  366  430  478  505  575  568  632  619  705  644  585  562  429  364  411  472  555  789  913  903  752  559  353  271  272  207  232  227  209  208  220  207  206  228  319  414  553  667  833  1024  1103  766  268  39  4  0  0  0 
0  0  0  2  8  94  251  414  524  545  573  590  582  511  428  435  447  376  265  214  187  199  179  202  199  223  268  357  476  636  794  854  836  614  434  249  232  410  504  602  618  655  627  642  579  548  457  425  425  397  361  354  384  334  349  316  339  330  269  291  282  282  246  143  114  177  269  305  352  326  400  347  363  356  322  324  348  367  363  340  364  371  452  452  540  596  628  643  647  679  636  601  418  395  403  417  551  693  906  968  915  615  428  303  261  222  228  225  218  212  219  175  197  215  313  372  503  641  864  965  1098  740  266  39  2  0  1  0 
0  0  0  0  9  84  261  447  575  646  618  647  609  543  479  454  413  316  243  232  179  194  220  222  240  252  269  362  485  765  929  843  805  579  440  258  243  424  512  616  662  651  687  607  593  538  482  440  386  368  413  336  388  309  313  349  345  287  282  271  314  298  229  186  103  168  292  306  346  325  326  330  343  373  370  331  342  360  382  371  369  438  462  451  511  571  653  648  706  688  635  533  475  410  447  423  489  664  902  990  830  677  443  296  235  212  213  196  195  211  191  185  180  237  276  389  496  696  805  1107  1097  754  268  48  3  1  0  0 
0  0  0  2  18  75  288  463  541  671  652  643  637  581  510  427  440  365  238  206  217  199  184  214  218  242  265  430  534  766  874  943  785  574  403  208  241  427  578  697  695  689  637  593  581  534  493  430  379  412  357  415  342  333  350  324  300  303  271  251  292  259  232  158  124  180  252  292  292  281  323  364  354  354  381  335  336  397  352  388  385  402  471  450  506  619  584  659  704  681  688  651  467  459  443  421  451  670  894  1016  892  691  492  327  266  244  203  225  217  229  195  187  207  225  277  413  532  655  883  1071  1083  759  300  39  1  0  0  0 
0  1  0  1  13  105  278  456  650  645  688  692  647  587  545  444  469  349  298  218  204  216  207  233  229  252  297  415  660  900  981  948  843  594  439  224  261  442  609  705  697  717  620  601  668  529  535  470  416  397  405  377  362  361  351  345  324  298  238  152  167  158  134  100  63  100  151  159  178  218  296  358  363  390  349  353  389  356  368  375  375  449  435  514  515  546  624  665  727  679  650  582  481  424  458  456  475  653  855  1011  978  745  510  353  310  220  215  210  234  222  210  217  226  238  304  364  490  619  811  1041  1104  863  354  54  4  1  0  0 
0  0  0  2  17  104  333  538  637  679  706  719  687  588  555  489  525  379  287  266  219  242  246  222  216  286  314  468  725  909  1070  1031  802  559  459  251  301  508  651  700  729  688  681  649  592  579  505  477  440  447  420  409  367  351  329  371  362  304  194  46  37  50  24  22  15  27  26  31  47  154  324  402  371  397  354  384  408  391  406  408  440  403  501  534  509  546  602  701  655  700  663  650  505  528  513  457  481  628  793  1031  978  778  562  342  265  245  236  212  207  217  228  225  226  213  279  379  520  654  789  1061  1180  932  381  63  4  1  0  0 
0  0  0  1  18  135  356  594  655  656  776  749  730  663  569  484  494  409  279  262  269  254  259  241  225  260  325  509  698  1008  1115  1057  843  548  452  267  305  511  632  667  618  635  604  620  549  528  460  442  361  411  382  357  376  370  326  337  324  294  157  25  5  3  3  3  2  4  8  4  28  126  296  351  351  321  377  385  379  380  377  397  397  419  475  500  570  604  640  636  696  713  733  690  585  488  528  518  545  649  876  1014  1011  851  584  432  334  234  256  235  231  232  264  246  190  240  307  405  473  657  836  989  1251  1066  484  98  7  0  0  0 
0  0  0  5  20  141  381  569  688  718  738  680  654  610  530  486  478  319  289  215  215  229  185  197  191  205  310  432  589  787  835  807  560  472  333  202  230  427  502  555  530  532  550  473  448  404  382  314  322  296  303  318  306  315  263  263  268  232  109  17  3  3  0  0  1  1  1  4  22  112  246  284  279  280  295  301  281  274  290  281  296  343  368  436  464  520  491  490  514  541  609  585  499  473  453  449  505  626  792  1044  1004  879  572  374  310  234  240  257  248  235  191  204  180  204  266  369  452  621  814  956  1132  1062  548  126  10  0  0  1 
0  1  0  2  19  131  305  441  531  531  522  494  466  389  344  327  326  278  200  157  138  168  155  165  176  190  226  357  546  733  765  764  615  423  375  219  235  400  473  597  537  550  556  514  483  429  393  384  366  355  313  289  340  301  253  262  293  217  126  24  1  3  3  2  0  1  1  7  32  102  251  284  248  263  265  267  277  232  257  292  253  251  282  306  355  339  404  378  392  410  431  435  359  356  343  334  368  439  538  737  743  633  452  304  233  194  164  180  153  133  170  157  143  158  206  249  306  407  557  737  839  805  441  105  10  0  0  0 
0  0  0  3  31  151  338  483  527  545  495  461  431  380  310  261  247  174  136  129  126  128  115  117  114  149  194  285  433  576  656  643  552  344  283  201  182  326  328  361  359  321  306  324  316  272  262  278  268  264  241  204  243  234  211  217  211  184  98  18  0  1  2  0  0  2  3  3  18  78  136  154  126  168  169  191  204  199  194  209  190  218  223  231  264  261  267  304  306  316  276  294  256  302  316  287  319  371  533  636  595  517  346  203  158  131  138  123  98  100  104  99  87  75  99  144  214  280  359  426  551  561  323  103  12  0  0  0 
0  1  0  6  48  256  405  571  594  615  562  553  415  381  340  280  282  175  141  129  131  97  100  134  113  117  152  234  346  436  507  559  425  291  226  119  169  275  300  340  348  303  296  303  268  261  244  247  238  229  166  191  182  191  156  165  147  164  83  11  3  3  0  1  0  0  0  1  11  74  116  134  140  119  155  155  196  172  149  162  182  168  167  160  187  201  208  233  225  252  220  240  223  257  276  306  300  347  433  511  529  413  288  209  139  114  103  92  101  83  93  92  93  89  93  124  182  264  334  463  632  591  436  127  22  0  0  0 
0  0  0  5  56  221  450  541  616  671  690  612  584  502  452  446  433  298  221  190  198  211  182  160  148  196  253  368  570  737  839  785  610  432  356  198  220  471  464  492  512  499  467  498  472  413  406  393  340  309  287  327  313  284  258  243  223  224  112  13  1  1  2  1  2  1  1  5  18  93  198  211  222  258  220  274  292  291  271  287  283  295  280  349  334  367  396  403  442  459  458  448  342  339  369  374  409  441  619  775  717  611  443  268  236  184  187  170  155  153  149  149  136  142  214  225  369  447  583  705  898  885  574  173  16  3  0  0 
1  0  0  8  36  208  408  579  630  666  720  716  659  569  501  470  460  345  257  222  230  231  222  212  211  239  307  471  668  897  961  928  779  588  385  243  293  532  616  653  654  599  589  605  534  479  452  435  403  363  321  365  350  337  335  272  310  283  122  24  1  0  3  4  1  0  5  3  27  147  273  318  285  289  352  314  321  330  301  322  345  371  396  399  495  487  518  575  596  586  591  522  480  470  458  391  481  546  769  904  934  747  534  387  229  247  209  207  215  205  215  191  180  187  254  333  449  544  678  920  1100  999  561  149  19  0  1  0 
1  0  0  3  40  142  354  547  580  636  694  705  695  575  507  487  525  419  301  281  244  231  224  218  260  285  297  480  689  946  1065  1022  851  608  427  245  319  548  687  677  740  669  691  590  588  500  485  454  410  373  383  356  356  353  379  339  340  293  118  31  6  4  2  1  3  3  4  5  32  142  302  333  310  345  334  333  334  331  340  357  380  387  458  457  536  592  625  623  691  714  640  595  484  447  449  406  483  561  766  910  913  779  561  393  291  275  244  203  227  193  229  216  196  192  303  341  458  592  748  930  1102  969  495  107  5  0  0  0 
0  2  0  3  14  122  324  540  620  657  710  717  680  597  531  458  497  406  280  227  218  228  215  234  239  271  288  456  725  950  1032  1057  886  566  439  250  280  581  656  723  730  709  648  594  611  523  457  456  433  362  394  396  395  377  360  317  348  274  137  23  14  25  20  15  14  13  20  18  46  134  296  339  351  346  313  342  338  364  349  344  383  387  455  457  529  619  656  631  719  660  614  579  493  459  430  446  453  594  792  972  942  788  563  329  277  271  226  212  244  223  234  230  199  202  268  413  510  650  738  957  1082  836  362  68  6  0  0  0 
0  0  0  1  10  93  260  483  577  645  663  670  678  599  545  484  491  443  300  272  205  265  221  233  244  247  292  422  694  872  1089  1007  832  660  440  247  297  476  599  671  719  714  650  635  564  531  487  450  393  373  371  375  358  341  316  320  328  320  189  111  115  128  116  96  51  91  102  108  123  167  293  355  364  318  324  321  335  326  366  384  334  438  452  477  535  596  616  701  636  700  659  575  437  438  437  424  497  685  807  962  913  761  476  357  263  241  249  230  219  213  218  190  196  248  277  374  442  561  783  902  1010  736  282  46  4  2  0  0 
0  0  1  2  13  73  259  442  606  590  687  620  600  579  489  439  485  423  302  228  218  217  235  246  229  286  287  403  607  850  957  947  847  614  498  245  295  422  597  631  699  627  674  559  556  546  482  430  409  381  377  370  325  332  300  292  328  325  261  264  264  289  259  195  129  198  290  284  281  293  349  307  299  296  330  333  325  374  345  368  377  454  430  460  539  592  629  694  684  664  629  569  456  407  374  428  518  693  841  950  899  704  518  300  268  243  240  213  235  223  238  205  187  211  287  414  500  600  759  955  994  630  204  26  1  0  0  0 
0  0  0  1  9  81  222  370  528  597  668  627  581  549  495  455  448  412  301  235  221  227  223  240  250  283  296  360  620  778  909  906  875  644  416  269  276  488  580  630  675  658  627  630  525  497  466  410  381  370  342  390  355  372  332  332  315  318  326  303  323  318  290  222  139  238  284  376  335  354  309  329  325  307  330  335  349  334  382  343  376  447  472  495  546  636  687  721  690  622  650  527  375  388  390  462  535  661  847  1020  829  656  455  349  294  206  217  230  188  197  179  210  148  201  255  371  502  586  745  879  826  532  175  17  2  1  1  0 
0  0  0  0  17  65  222  383  503  519  599  626  614  542  483  475  509  454  294  254  218  231  205  252  229  263  285  370  524  724  900  900  876  693  488  225  266  462  525  570  616  576  622  622  561  480  403  376  374  366  370  365  376  339  336  374  318  315  357  324  338  306  286  175  169  216  332  344  343  341  379  346  351  331  356  337  307  349  375  297  369  423  480  537  567  651  648  655  717  684  618  492  376  358  380  431  520  674  861  911  772  587  398  294  245  239  229  209  199  210  198  182  201  236  305  403  448  649  766  906  849  525  148  23  2  0  0  0 
1  0  0  1  5  49  214  370  496  521  605  577  598  626  482  492  531  448  339  275  227  231  204  245  240  235  259  331  494  695  855  914  908  705  494  290  292  418  537  544  571  625  638  601  572  515  505  416  369  377  394  365  370  343  335  335  300  303  319  339  302  343  290  191  116  231  288  325  362  346  298  313  349  334  353  327  373  336  357  337  429  463  540  504  592  616  689  644  726  636  562  463  366  341  440  530  653  815  888  919  710  514  396  279  219  220  216  217  216  179  223  182  188  229  274  388  473  577  696  785  760  485  175  28  3  0  0  0 
1  0  0  0  7  48  199  380  432  508  568  617  564  581  548  527  617  509  384  325  237  224  211  239  222  225  234  296  404  655  811  969  988  816  544  293  271  441  499  581  603  604  606  627  587  542  562  470  438  434  410  407  377  375  348  363  304  329  325  323  355  310  311  226  146  218  313  345  337  351  348  301  328  307  321  328  345  385  358  405  423  497  527  589  594  668  675  691  612  591  535  485  379  380  468  551  694  840  987  840  671  424  323  259  235  219  198  210  205  191  229  204  231  213  324  403  472  608  658  766  693  445  148  33  0  1  0  0 
0  0  0  1  15  66  214  336  463  468  549  557  560  590  570  532  648  558  420  305  224  226  242  222  213  211  261  289  353  574  812  981  1137  920  607  354  284  395  477  544  553  563  588  616  624  585  547  504  474  422  471  439  366  412  357  367  367  349  304  342  336  335  281  244  149  228  312  352  364  380  401  313  327  346  331  342  357  390  424  417  464  539  576  599  619  693  622  631  632  543  523  445  322  398  494  636  803  890  851  766  568  405  289  260  225  203  206  201  221  214  225  222  211  253  320  407  481  548  692  710  628  452  163  16  3  0  0  0 
0  0  0  3  14  56  183  330  449  426  511  550  576  551  544  533  667  587  432  321  260  242  210  204  189  201  242  274  346  451  694  910  1086  965  694  338  300  419  438  525  536  558  593  572  619  625  524  514  488  434  473  407  391  379  371  374  338  351  330  304  339  340  336  252  167  249  358  363  360  350  383  318  334  347  359  369  390  405  468  491  490  520  597  636  658  671  655  620  598  515  496  419  342  410  549  715  857  891  871  673  519  360  280  229  219  214  203  207  247  193  208  244  255  310  332  417  520  539  651  730  642  417  172  26  0  0  1  0 
0  0  0  1  29  80  228  322  382  403  515  564  582  577  507  552  701  617  480  387  261  229  221  160  202  223  233  278  306  382  603  828  960  913  677  380  306  417  433  441  478  581  585  574  609  596  577  535  464  476  491  410  407  402  400  396  335  338  380  353  375  342  309  242  185  260  337  344  375  351  378  340  331  348  389  423  449  427  416  497  535  513  534  596  655  662  668  584  536  464  507  397  383  412  566  785  858  850  773  592  426  290  241  211  183  203  218  193  203  202  209  250  279  299  366  426  475  538  522  626  578  413  191  24  4  0  0  0 
0  0  0  0  17  89  201  270  325  400  461  466  539  523  527  614  776  664  504  352  251  238  210  191  199  209  229  208  275  317  489  716  966  1003  826  421  364  442  474  425  436  513  529  598  574  596  579  572  541  476  472  456  422  412  387  408  348  338  376  356  392  360  321  253  197  276  329  334  361  407  351  398  333  366  395  422  415  431  470  533  532  494  587  601  641  661  578  586  527  488  472  376  365  452  637  792  897  854  680  509  343  232  235  213  197  183  188  184  211  199  244  285  291  297  314  435  475  478  499  598  518  378  175  29  4  0  0  0 
0  0  0  4  19  99  228  265  300  380  417  440  504  516  549  634  778  690  516  375  285  196  183  182  194  190  232  240  270  283  425  707  1046  1060  855  449  414  483  392  405  426  430  500  583  594  641  605  599  596  502  512  445  420  410  377  367  360  376  366  430  415  367  390  334  235  264  332  373  371  349  344  370  373  385  377  444  422  479  516  628  583  636  657  657  688  623  561  532  499  397  431  394  382  547  705  929  959  826  599  414  315  263  191  170  197  187  178  177  192  203  246  295  291  337  336  410  425  463  512  516  472  341  165  38  4  0  0  0 
0  0  0  7  32  103  188  259  287  304  423  450  477  526  562  655  765  686  576  420  288  222  187  211  197  191  200  237  215  286  377  585  886  1030  946  573  505  608  546  464  409  413  499  571  551  647  607  656  608  543  550  458  485  439  414  393  376  363  401  417  394  408  407  314  228  290  365  414  411  482  374  411  400  408  420  487  479  503  489  629  627  630  666  671  632  606  586  480  437  417  426  410  415  598  789  935  839  667  507  344  255  209  189  191  163  144  143  179  190  218  244  288  327  307  367  412  486  516  471  465  438  369  183  55  3  1  0  0 
0  1  1  0  13  92  186  226  249  294  369  425  461  466  513  594  814  746  652  469  350  265  193  213  176  197  196  213  222  292  290  445  701  834  886  599  590  720  615  444  462  433  514  559  579  612  629  622  599  616  548  538  558  537  493  469  450  435  450  480  463  436  430  335  195  266  388  414  451  507  480  458  425  411  496  512  487  525  517  578  594  556  626  665  635  578  485  480  413  414  449  482  512  691  836  827  704  546  404  284  216  207  182  179  172  151  180  217  188  227  273  365  308  343  401  408  462  465  440  424  381  326  170  34  2  1  0  1 
0  0  0  3  20  64  195  249  276  307  320  363  394  432  451  600  750  782  636  509  376  285  208  198  203  207  229  225  215  243  248  392  605  712  874  604  721  868  679  592  529  508  505  552  555  587  637  637  657  563  599  584  599  585  557  523  474  505  503  487  498  458  423  348  218  281  457  512  480  524  504  472  510  483  532  516  543  540  592  617  616  634  608  603  652  591  521  459  451  452  553  560  620  785  880  813  603  421  334  268  235  210  190  164  165  176  170  180  213  236  367  349  356  343  412  446  457  500  415  427  392  277  133  28  2  0  0  0 
0  0  2  0  16  60  153  183  251  255  283  334  363  423  434  562  769  826  771  556  448  311  241  205  196  229  211  217  225  206  274  328  440  610  780  568  718  953  947  685  549  474  467  495  555  563  590  644  608  609  640  616  644  598  627  531  554  520  557  564  529  518  494  390  245  335  517  585  552  536  549  537  531  581  578  559  585  546  628  713  673  599  645  646  551  497  521  483  475  481  639  651  675  855  845  697  554  354  296  218  207  187  203  169  188  176  185  212  236  319  367  407  382  360  419  433  448  426  418  415  345  266  122  25  0  0  1  0 
1  0  0  2  11  46  126  186  197  209  283  317  333  412  458  519  754  847  812  663  508  375  271  216  195  210  208  212  203  229  252  295  420  543  684  485  674  957  1002  861  678  556  457  515  508  515  565  587  638  648  634  669  662  608  613  632  602  635  604  583  611  597  545  402  284  367  532  615  633  652  631  640  686  621  664  679  657  668  681  644  649  631  639  582  520  503  429  484  475  572  771  775  705  867  831  641  403  324  274  238  197  201  195  169  169  210  204  195  262  323  419  440  420  441  417  458  437  435  347  351  330  216  80  21  1  0  0  0 
0  0  0  3  10  49  126  201  194  217  253  270  312  342  375  514  693  813  834  740  625  417  307  241  223  201  219  212  228  197  207  301  347  440  494  425  589  974  1188  1073  913  743  565  495  541  504  530  551  570  646  688  654  670  666  720  678  656  624  643  691  685  635  556  450  269  429  612  663  694  675  712  677  673  667  695  727  641  654  626  589  556  541  552  542  511  454  469  473  560  668  804  931  759  765  684  486  330  224  223  225  179  186  173  183  200  175  169  217  262  348  411  418  380  418  384  347  395  316  291  285  222  164  67  15  0  2  1  0 
0  0  0  0  3  42  112  178  208  180  217  230  278  343  345  477  633  794  779  730  637  492  391  272  230  216  193  236  211  206  219  213  268  322  390  351  451  774  1080  1105  954  803  633  490  484  439  444  506  457  492  534  593  617  678  600  655  621  646  642  647  602  610  528  414  260  336  472  618  648  668  636  649  610  640  611  628  636  523  502  453  438  433  436  438  391  426  442  509  582  729  821  739  565  549  458  363  233  216  185  182  169  160  162  164  171  169  179  214  281  279  378  408  335  327  313  309  325  276  305  244  229  147  69  10  1  1  0  0 
0  0  0  0  6  26  103  140  170  161  163  193  193  248  312  345  538  664  774  647  641  481  384  301  201  191  178  169  176  208  193  161  214  275  267  222  306  553  774  942  936  829  659  546  417  385  417  355  353  432  453  438  556  547  569  554  641  581  638  591  663  598  532  415  228  332  534  694  727  753  745  678  752  666  663  614  636  553  557  448  460  483  470  464  485  516  640  730  850  876  913  747  585  480  348  265  211  197  170  182  177  181  168  184  169  207  232  269  328  436  473  454  399  356  359  337  321  292  307  270  250  177  84  8  2  1  1  1 
1  0  0  1  4  40  104  130  151  130  137  162  168  204  232  320  478  624  723  726  674  594  445  354  250  208  221  201  185  201  178  188  223  261  242  206  255  477  774  1008  1120  1128  991  802  700  533  464  469  419  488  471  514  509  537  594  650  623  648  688  668  683  681  619  424  268  442  653  739  811  803  791  793  756  686  694  666  640  561  583  439  486  414  439  502  512  646  781  871  937  974  901  691  487  404  313  267  188  192  186  184  172  178  169  194  187  206  264  314  413  485  456  504  399  345  330  265  285  264  223  245  217  136  70  12  1  0  0  0 
0  0  1  0  9  49  106  154  149  156  159  166  171  186  235  315  479  694  801  825  783  679  583  434  327  232  223  192  174  205  216  205  265  254  260  168  202  409  603  834  981  1191  1042  980  887  671  589  477  477  448  496  516  496  513  526  559  623  583  585  594  612  597  523  431  258  349  596  711  736  710  687  608  614  615  606  546  515  514  511  460  419  412  453  566  696  797  890  979  979  831  709  504  394  283  234  217  203  171  160  164  175  161  168  200  207  240  282  354  451  514  524  475  361  310  310  258  225  243  202  189  177  138  61  19  0  0  1  0 
0  0  0  1  11  51  104  157  167  113  125  147  154  194  223  263  442  587  703  820  838  683  568  467  340  291  214  206  169  186  185  205  236  233  208  161  179  289  419  581  775  900  1011  1012  1044  856  657  626  492  462  450  479  448  430  471  463  443  496  501  521  611  581  484  346  280  349  568  603  588  568  552  592  536  530  471  440  441  390  419  415  430  498  534  685  736  866  956  926  787  629  478  344  245  221  209  207  164  186  174  180  178  169  175  173  222  224  295  376  495  497  491  453  320  265  279  188  201  152  144  139  167  116  66  20  1  0  0  0 
0  0  0  3  9  52  114  125  134  112  107  113  116  134  170  262  344  491  603  698  715  658  608  471  397  296  235  186  193  182  214  202  237  202  194  121  123  204  267  336  491  609  712  860  832  806  709  599  533  439  408  398  357  371  362  388  391  391  426  473  474  483  432  374  238  282  372  412  359  409  319  350  328  296  293  265  291  275  288  338  323  396  551  542  596  667  612  593  491  408  309  249  191  199  213  191  199  179  145  158  149  133  162  201  184  207  258  303  382  378  396  293  245  169  166  129  113  98  112  92  99  101  66  11  2  0  0  0 
0  0  0  0  10  28  94  105  104  87  110  107  113  108  124  153  235  337  426  557  585  612  524  469  390  294  236  176  159  166  149  164  196  217  191  95  110  184  197  252  282  379  483  662  760  764  718  704  593  525  488  469  407  381  331  361  335  375  393  421  425  448  412  334  206  182  268  224  240  179  179  177  157  143  160  150  192  154  189  192  228  282  320  348  348  280  260  261  194  150  120  117  90  143  153  138  140  137  132  130  134  135  113  112  129  162  194  212  214  231  204  180  147  71  69  53  44  46  42  41  57  50  27  13  2  0  0  0 
0  1  0  1  11  56  100  116  124  101  83  80  87  103  120  166  269  321  443  561  628  637  651  563  475  400  307  236  207  175  200  210  195  193  155  130  124  193  227  231  278  347  436  623  751  796  978  972  906  833  728  659  611  593  452  466  438  407  439  437  398  431  400  372  243  250  342  372  385  369  318  296  265  300  318  318  305  361  382  455  466  546  630  549  591  476  399  312  248  206  179  131  123  154  128  138  128  110  130  147  149  145  146  181  208  246  304  312  320  301  303  215  178  127  118  91  76  82  78  69  90  91  61  28  1  1  0  0 
0  0  1  1  16  63  101  118  96  81  90  81  91  98  101  147  219  330  388  528  634  679  669  635  591  483  409  346  245  204  203  190  218  233  164  128  123  201  212  242  240  285  332  475  560  719  826  989  910  787  872  846  752  710  602  583  504  493  503  502  484  471  419  381  208  330  413  475  467  484  459  438  474  468  487  582  560  611  705  748  757  845  932  938  808  705  498  369  311  244  243  195  161  147  171  152  134  161  144  145  157  173  174  245  314  358  393  442  451  431  356  325  179  164  122  119  106  96  100  125  116  112  92  36  2  0  0  0 
1  0  0  6  23  68  102  103  94  82  92  85  79  78  105  140  198  303  357  425  569  586  689  653  601  512  458  395  304  236  216  226  210  169  183  121  117  190  191  243  222  252  271  346  436  511  600  862  891  772  874  846  836  799  741  676  656  634  585  610  619  580  558  520  316  329  481  515  554  525  569  568  564  554  681  772  782  842  980  1033  1057  901  849  837  695  594  434  331  250  209  215  198  174  165  166  173  117  133  139  151  180  167  201  265  301  385  490  438  493  421  351  275  194  120  116  125  101  98  105  102  124  117  86  38  7  1  0  0 
0  0  0  4  35  55  95  111  108  86  80  68  83  85  91  106  165  224  320  362  471  490  557  581  573  534  500  453  385  297  269  222  170  203  167  93  110  177  191  208  185  218  242  248  275  278  408  524  655  623  687  766  797  777  778  702  716  731  726  758  778  721  646  669  369  356  583  674  696  749  679  696  721  734  778  869  983  971  961  987  935  787  695  587  535  406  293  249  231  209  196  170  139  152  133  144  148  149  145  152  220  221  260  290  335  432  446  450  455  408  330  248  148  125  102  94  84  97  89  103  117  107  58  26  6  0  0  0 
1  0  1  4  13  77  87  92  87  95  97  75  70  83  88  103  155  189  247  288  418  485  492  609  592  598  516  468  382  332  270  233  223  188  144  82  102  188  195  212  178  184  206  195  245  244  273  313  363  421  520  534  675  676  688  698  727  793  744  834  800  799  707  713  392  502  750  867  904  890  852  832  868  855  899  860  870  846  784  713  651  584  506  405  328  277  260  222  188  205  190  167  129  166  152  136  137  142  171  190  229  275  334  365  364  475  499  464  391  343  256  193  122  100  100  69  97  82  95  93  93  91  66  19  5  1  0  0 
0  0  0  3  21  61  83  102  114  84  70  78  94  57  86  87  152  137  184  260  329  403  474  548  555  592  586  561  493  413  344  265  257  210  162  97  112  157  175  213  172  198  187  210  208  224  214  250  306  315  375  412  461  518  584  590  640  635  715  727  818  766  768  758  421  480  808  949  1012  964  1030  943  905  911  857  870  761  658  590  502  412  401  363  314  281  273  208  196  214  184  169  197  163  138  138  157  151  174  196  255  250  294  362  406  407  478  464  403  356  294  229  143  111  99  79  82  73  79  83  102  96  110  51  15  1  0  1  0 
0  1  0  2  16  55  84  98  101  75  82  72  92  64  65  82  127  145  189  209  286  350  397  513  541  569  605  566  553  509  433  329  282  212  181  95  113  160  190  184  203  176  189  196  195  196  207  228  223  213  243  279  337  364  446  446  537  531  567  613  696  689  722  613  364  455  742  885  898  907  945  852  835  751  728  619  521  457  438  351  312  268  272  242  219  230  204  198  204  192  188  162  134  133  170  171  139  200  211  268  335  402  394  440  428  440  410  337  279  256  189  131  113  66  79  65  58  73  67  79  104  93  50  9  2  0  0  1 
0  0  0  2  11  55  99  88  89  77  60  76  67  83  72  84  100  132  145  185  245  291  353  405  489  572  565  597  546  511  498  433  321  326  196  113  118  182  183  201  188  189  169  201  170  204  189  187  199  179  214  227  218  268  288  327  321  331  419  458  495  471  477  472  258  302  531  650  677  686  660  605  564  539  493  419  390  332  284  228  245  250  179  210  186  192  201  190  193  177  165  157  126  152  184  174  223  219  300  328  378  414  427  431  421  395  357  262  219  200  165  126  89  95  67  69  75  60  72  82  92  76  35  3  2  0  1  0 
1  0  0  3  12  44  92  103  88  85  66  79  70  89  51  62  109  137  137  151  193  258  284  314  418  496  511  583  598  562  567  465  402  369  235  126  116  190  193  221  182  185  188  197  195  168  179  156  169  188  180  173  195  217  210  213  232  238  288  319  354  349  343  359  190  208  354  443  493  434  469  429  361  393  275  273  266  216  205  219  198  206  211  216  195  206  192  191  175  158  177  165  143  168  161  227  215  299  327  405  433  441  493  455  374  333  295  218  177  159  127  110  86  57  70  55  76  77  72  81  89  82  34  6  1  2  0  1 
0  0  1  1  9  36  82  92  80  69  68  76  67  63  55  86  106  102  136  143  154  181  217  315  344  450  467  533  558  582  532  485  472  386  256  181  144  223  204  191  190  188  196  183  169  200  171  164  157  168  170  162  197  206  190  190  193  200  215  209  234  242  215  198  106  132  201  345  340  359  291  315  282  277  234  243  234  193  196  145  186  193  189  186  176  194  181  175  165  186  193  169  140  190  222  265  303  340  381  448  451  434  443  403  324  304  224  204  150  141  120  89  79  58  55  67  86  74  86  95  100  81  29  3  0  0  1  0 
0  0  1  1  6  29  81  89  103  80  57  72  73  63  64  71  92  106  118  132  149  163  199  237  264  349  441  496  529  498  523  516  474  466  375  208  184  243  288  264  226  191  194  206  175  172  132  165  143  151  156  177  182  160  162  190  166  207  171  200  191  182  204  187  103  97  185  252  246  268  254  255  248  217  190  223  187  197  157  158  141  172  162  186  178  179  166  174  184  161  173  190  158  196  266  281  341  401  415  461  490  440  413  355  285  263  179  143  135  116  118  91  52  70  72  75  60  78  94  84  84  71  26  4  0  2  0  0 
0  0  0  1  5  28  45  95  93  82  78  51  55  51  63  58  102  84  110  148  148  140  162  176  218  286  353  425  478  538  512  514  542  526  416  251  227  349  333  336  221  190  194  192  172  158  169  132  129  142  160  166  203  138  175  163  181  159  159  168  172  167  165  150  91  96  168  203  238  224  222  237  208  210  197  180  198  169  156  145  186  127  176  167  195  212  165  188  204  209  219  224  235  261  341  401  374  405  459  486  457  401  347  286  256  187  170  160  112  109  85  75  61  67  54  76  72  65  74  104  74  70  25  4  0  2  1  0 
0  0  1  2  5  26  70  77  83  68  69  73  52  62  53  53  91  106  102  129  115  134  154  166  178  234  246  365  346  447  455  477  539  582  496  298  316  394  406  368  300  276  201  191  197  170  146  136  148  115  134  149  152  157  162  146  156  165  173  196  174  183  171  162  64  71  161  187  233  210  205  185  211  207  169  159  166  179  162  165  153  176  162  170  201  177  158  231  211  259  303  313  303  338  413  423  416  397  421  411  386  364  280  218  180  155  131  116  119  111  91  55  53  52  56  53  55  63  71  85  73  64  25  5  2  0  1  0 
0  0  0  3  7  24  60  81  70  82  53  46  66  55  51  61  77  94  91  115  91  132  133  151  154  158  196  257  327  388  421  469  525  592  495  297  311  472  462  457  359  280  257  206  197  180  165  130  155  151  165  136  152  127  149  163  135  141  165  140  170  176  155  157  85  75  159  204  169  171  198  192  196  155  170  152  186  165  165  166  155  163  203  183  171  215  242  265  279  317  349  375  333  410  429  454  451  437  447  387  339  251  201  189  145  135  117  114  88  103  85  70  52  64  71  66  50  61  63  78  72  47  18  3  0  3  1  0 
1  0  0  0  7  34  65  80  81  73  61  47  49  63  45  59  90  97  108  110  103  122  117  130  139  140  185  233  203  301  353  410  490  571  507  338  363  485  511  485  439  394  341  297  233  216  194  183  179  157  183  153  187  137  169  174  161  165  176  152  162  180  156  146  87  100  178  170  205  172  205  165  157  166  168  155  159  146  151  147  161  205  200  221  252  243  270  323  337  370  464  427  392  436  465  466  411  371  345  305  246  203  174  158  152  133  126  109  111  98  96  89  59  55  59  59  55  63  76  74  82  61  26  5  1  0  0  0 
0  0  0  1  9  27  60  76  68  64  63  66  66  57  50  67  87  75  108  99  105  104  118  132  102  151  146  179  204  233  237  339  459  443  486  262  341  521  549  558  537  444  420  380  287  267  222  201  192  182  167  182  168  163  167  162  172  153  153  139  160  190  167  143  93  91  149  199  195  187  181  175  162  192  181  168  155  175  182  204  168  190  232  258  286  321  375  400  427  481  487  453  392  422  428  416  330  324  271  233  177  183  150  118  126  115  137  102  87  78  104  85  57  43  50  61  65  45  55  83  82  82  25  6  0  0  1  0 
0  0  0  3  8  42  86  89  63  65  52  61  56  50  48  52  68  89  98  107  98  90  109  86  119  134  152  145  173  165  251  291  350  423  344  224  331  521  600  564  554  535  487  446  449  381  335  281  227  233  200  227  179  177  187  180  169  152  142  167  179  170  171  140  122  122  171  182  185  196  200  161  149  161  173  179  205  197  207  219  222  295  345  321  393  466  505  503  522  517  543  490  418  391  413  325  312  253  235  165  168  136  107  115  109  88  129  99  94  104  74  74  67  49  42  53  54  51  66  58  84  65  33  8  2  2  0  0 
0  0  1  2  8  31  60  77  73  70  50  50  73  57  54  55  79  91  102  92  98  86  88  104  104  121  130  119  140  169  198  235  267  320  314  197  248  431  546  591  562  535  488  499  524  423  425  355  318  288  281  275  229  214  229  183  148  156  165  168  191  191  169  139  107  116  172  215  193  159  188  194  183  163  213  183  203  207  246  265  290  340  334  386  416  462  458  467  477  464  467  367  359  296  324  287  198  174  169  130  115  101  82  88  89  74  79  86  68  73  67  54  57  45  37  62  40  54  53  49  61  43  20  2  0  1  0  0 
0  0  0  1  6  41  40  47  44  34  31  46  40  43  47  39  88  68  68  70  83  71  77  76  73  76  98  87  97  127  125  177  174  203  215  113  188  306  343  408  386  440  443  380  399  352  329  312  285  267  263  216  192  206  177  166  140  134  139  136  139  143  141  134  89  90  142  136  156  164  149  145  164  154  183  168  222  212  242  294  291  325  311  329  362  401  375  363  308  345  303  287  206  205  205  183  121  98  98  104  97  84  56  53  59  66  68  54  64  59  50  40  40  33  43  27  38  47  55  39  48  51  22  5  0  0  0  0 
0  2  0  1  5  15  38  40  34  31  32  28  31  22  28  36  33  42  50  38  46  43  47  52  47  63  53  60  57  50  80  95  112  109  111  72  102  186  215  247  221  298  302  317  291  287  261  291  252  219  218  208  217  214  174  174  160  164  156  140  129  150  131  138  104  107  142  154  190  198  173  173  170  199  163  193  197  239  248  240  316  283  334  311  324  358  317  280  297  285  238  216  161  139  142  130  104  94  78  86  80  59  65  63  63  50  72  61  50  69  45  52  27  50  31  37  32  44  45  41  52  37  20  7  2  3  0  0 
0  2  0  0  5  15  43  43  51  39  28  38  28  23  34  36  43  41  46  50  38  43  47  58  53  57  45  48  54  79  87  88  99  95  91  76  105  169  198  212  259  262  305  326  323  322  319  350  303  321  310  302  264  260  230  229  221  208  206  185  198  189  185  175  131  128  169  198  210  202  224  217  194  251  256  269  246  253  287  262  332  304  307  353  337  323  309  277  271  280  248  199  142  130  116  95  99  72  69  60  59  61  60  58  64  63  50  62  42  48  41  39  31  31  29  33  42  25  34  32  50  39  19  4  0  1  1  2 
0  0  0  1  4  24  45  47  37  26  33  30  32  35  31  29  56  52  55  55  69  58  62  67  48  63  66  68  74  83  64  83  96  105  89  80  106  176  195  223  274  262  354  335  364  339  366  359  313  335  316  319  350  299  329  277  265  280  264  256  225  238  243  211  166  177  205  262  261  237  267  255  276  267  269  273  292  280  295  286  343  300  309  321  351  360  332  293  235  210  195  144  134  102  112  80  70  58  50  57  45  48  48  50  53  61  50  53  40  50  55  42  21  25  32  27  27  24  22  40  39  40  26  6  1  0  1  2 
2  1  2  0  4  20  41  46  42  29  31  31  31  29  35  34  46  54  51  58  58  60  56  66  56  54  62  54  68  64  83  85  99  90  80  59  69  133  176  192  205  254  284  278  286  319  332  365  331  309  313  336  363  321  312  319  295  290  278  289  317  263  257  231  174  185  249  291  288  279  255  288  273  284  303  278  329  300  300  313  302  344  328  343  328  301  290  240  205  190  159  126  103  95  93  82  81  62  54  45  59  52  58  55  52  63  50  64  51  53  37  50  26  31  25  36  26  30  40  36  41  35  20  4  0  2  1  0 
1  0  0  0  2  24  31  64  45  34  27  31  28  30  32  37  47  56  59  56  55  62  69  55  66  57  75  64  66  84  74  73  96  75  79  37  83  130  147  155  185  202  237  226  264  263  293  325  308  295  357  314  358  355  368  322  358  326  338  311  341  348  317  267  192  218  313  326  336  362  323  337  337  303  308  331  336  301  335  329  347  305  319  298  306  267  260  235  183  154  148  129  83  78  82  61  68  65  53  58  64  60  60  54  63  61  70  69  58  48  49  42  35  34  34  23  36  25  29  52  40  51  27  6  0  0  0  3 
0  0  0  0  7  23  45  36  50  47  37  28  35  23  29  37  47  53  48  55  77  55  66  67  80  68  46  59  70  74  87  72  88  81  87  58  60  96  126  129  144  172  218  212  226  254  268  270  297  308  310  330  330  374  383  403  401  370  363  389  346  357  343  320  224  282  370  375  387  404  369  367  345  414  361  337  362  330  343  336  338  316  310  306  281  237  204  207  162  141  118  108  89  64  89  70  69  53  52  56  65  57  57  55  72  56  62  64  59  47  58  51  32  30  28  24  32  29  42  35  43  40  24  3  2  0  0  0 
0  0  1  1  6  21  50  54  48  35  39  42  32  29  38  41  48  55  66  64  63  68  74  66  74  87  75  62  83  77  63  79  84  71  99  73  44  102  114  141  147  145  165  197  197  243  252  254  259  275  321  352  352  339  395  376  410  402  420  408  414  440  396  305  261  262  360  400  451  424  396  401  395  430  375  347  363  328  333  308  318  281  283  270  251  204  193  156  164  159  113  99  60  93  99  83  71  71  67  60  76  64  75  67  68  65  60  82  55  54  56  47  37  39  30  32  33  36  55  43  45  63  24  7  0  0  0  0 
2  2  0  0  5  18  37  47  69  54  38  49  30  44  36  40  50  75  73  69  60  54  84  85  84  83  75  75  74  73  64  95  96  89  78  53  56  132  144  145  133  144  173  195  172  216  254  238  238  296  270  298  350  318  364  445  415  425  400  437  474  459  439  368  267  320  377  410  458  461  445  431  407  436  411  417  360  367  326  276  283  279  280  234  228  221  179  175  151  120  119  94  81  79  89  93  76  79  85  75  62  80  76  75  84  58  64  66  70  52  49  41  44  38  37  37  40  35  45  58  74  45  26  5  0  0  1  0 
0  1  0  0  6  21  50  63  56  48  50  45  34  40  33  47  52  63  80  74  77  85  76  105  77  77  77  90  104  81  82  98  115  116  104  67  69  126  126  149  143  138  154  186  163  193  199  214  190  192  228  296  276  296  301  337  381  364  370  389  392  447  432  401  289  300  383  413  403  440  464  443  391  435  374  389  366  356  292  266  254  256  248  248  210  174  176  133  124  121  119  102  102  109  80  77  85  92  81  92  84  87  86  86  68  80  74  80  90  60  72  49  43  45  34  43  45  43  65  71  67  38  25  3  0  0  0  0 
0  0  1  1  5  12  28  36  44  30  36  44  49  37  32  44  51  52  53  75  71  64  51  47  52  73  70  71  84  90  78  83  103  92  87  47  56  93  93  103  110  98  121  147  139  170  162  172  156  182  202  173  167  198  203  179  206  216  222  309  320  339  374  364  291  293  338  344  323  349  377  311  289  317  288  250  299  264  248  228  227  205  189  170  165  144  135  107  109  97  116  90  87  88  92  79  74  72  75  72  58  51  57  44  54  70  53  53  66  62  57  59  48  35  39  40  41  37  40  41  33  41  24  3  0  1  0  1 
1  0  0  1  6  4  11  12  20  17  24  5  15  16  11  22  36  20  29  19  24  14  20  14  26  25  28  46  33  63  56  55  57  64  43  37  43  53  38  43  51  30  32  59  66  72  100  81  56  62  63  74  53  60  44  47  49  57  76  89  125  147  168  213  198  177  223  227  195  196  163  152  149  134  162  165  157  150  174  164  145  135  123  100  89  72  59  63  54  37  42  42  54  67  77  64  63  49  44  23  30  27  19  18  14  23  23  28  33  43  35  33  20  21  21  17  12  27  16  17  12  19  7  0  0  0  0  3 
1  1  1  2  0  1  1  1  1  1  1  2  0  2  3  0  5  12  6  5  7  6  7  5  3  8  8  10  14  13  18  15  16  21  8  3  3  7  2  5  5  5  6  15  12  16  21  32  17  12  5  12  8  6  5  7  4  5  8  13  16  31  36  57  64  88  81  80  56  50  55  47  48  46  35  37  47  61  60  62  56  45  31  29  22  22  12  15  5  9  18  20  28  32  32  28  23  14  14  12  3  3  3  1  4  1  3  9  8  8  14  2  8  6  8  5  8  3  5  4  3  1  3  0  0  0  2  1 
1  0  1  0  0  1  0  0  0  0  0  0  0  0  0  1  0  1  0  0  0  0  1  0  1  2  1  1  0  1  5  3  4  1  2  0  0  0  0  1  0  0  2  4  1  1  5  4  4  1  0  1  0  2  0  1  0  0  0  0  0  0  3  13  21  13  9  13  11  11  7  3  4  4  5  11  12  7  9  10  8  11  5  4  4  1  5  1  1  2  0  4  4  6  10  6  5  3  2  1  0  0  1  0  3  0  0  1  1  0  2  2  2  0  0  1  0  1  0  0  1  0  0  2  0  1  1  1 
1  1  0  0  1  0  0  0  0  0  0  1  0  1  0  0  0  0  0  0  0  0  0  0  1  0  0  0  0  0  0  0  1  0  0  0  0  0  0  1  1  0  0  1  0  0  0  2  0  1  1  1  0  0  0  1  0  0  0  0  0  1  1  1  1  4  1  1  2  1  0  1  0  1  0  1  1  0  2  2  2  2  0  1  0  0  0  0  0  0  0  0  0  0  2  0  0  1  0  0  1  0  1  1  0  0  0  0  0  0  1  0  0  0  0  0  0  0  0  0  0  0  0  0  1  0  1  0 
1  1  1  0  0  0  0  0  0  1  0  0  0  0  0  0  0  1  0  0  0  0  1  1  0  0  0  0  1  0  0  0  0  0  0  0  0  0  0  0  0  0  0  0  0  1  0  2  0  2  0  0  0  0  1  1  1  0  0  0  0  0  0  0  0  0  1  1  0  1  1  1  2  0  0  0  1  0  0  0  0  0  0  0  0  0  0  1  0  1  0  0  0  0  0  0  0  1  0  0  0  0  0  0  0  0  0  0  0  0  0  1  0  0  0  0  0  0  0  0  0  0  0  0  0  0  0  0 
2  1  0  0  0  0  0  0  0  1  0  0  0  1  0  0  0  0  0  1  0  0  0  0  0  0  0  0  0  0  0  0  0  0  0  0  0  1  0  0  0  0  0  1  1  0  2  0  0  0  0  1  0  0  0  0  1  0  0  0  0  1  0  0  2  0  0  0  0  0  0  3  2  0  1  0  0  0  0  0  0  0  1  0  0  0  0  0  1  0  0  0  0  0  0  0  0  1  0  0  0  0  0  1  0  0  0  0  0  1  0  0  0  0  0  0  0  0  0  0  0  0  0  0  0  0  1  10 
